HLA-A01:01
4883
734
4149
0.95378
0.70521
0.82188
HLA-A02:01
12853
4814
8039
0.95092
0.67143
0.86276
HLA-A02:02
4178
1869
2309
0.92074
0.59904
0.83911
HLA-A02:03
6323
2424
3899
0.94549
0.70085
0.86937
HLA-A02:05
121
87
34
0.93442
0.61686
0.87755
HLA-A02:06
5651
2278
3373
0.91175
0.58375
0.81731
HLA-A02:07
81
22
59
0.97612
0.82727
0.90400
HLA-A02:11
1085
404
681
0.95456
0.72186
0.87438
HLA-A02:12
1183
308
875
0.96744
0.80225
0.89320
HLA-A02:16
921
181
740
0.96982
0.79752
0.87274
HLA-A02:17
346
176
170
0.80364
0.38402
0.62691
HLA-A02:19
1246
234
1012
0.98307
0.84357
0.87605
HLA-A02:50
135
88
47
0.98549
0.82955
0.92562
HLA-A03:01
7481
2180
5301
0.93842
0.61631
0.83130
HLA-A03:02
26
13
13
0.63314
0.23077
0.37828
HLA-A03:19
30
14
16
0.90625
0.64286
0.68729
HLA-A11:01
6478
2226
4252
0.95197
0.66884
0.85984
HLA-A11:02
14
10
4
0.90000
0.80000
0.86414
HLA-A23:01
2632
612
2020
0.92827
0.53288
0.80608
HLA-A24:02
3363
753
2610
0.92061
0.51999
0.79013
HLA-A24:03
1381
332
1049
0.97138
0.85279
0.89527
HLA-A25:01
960
71
889
0.99468
0.94622
0.84119
HLA-A26:01
4535
516
4019
0.94501
0.70269
0.81338
HLA-A26:02
643
168
475
0.97445
0.83118
0.89063
HLA-A26:03
538
62
476
0.96730
0.74399
0.81097
HLA-A29:02
2788
726
2062
0.89525
0.54127
0.77588
HLA-A30:01
2926
776
2150
0.93394
0.68716
0.83397
HLA-A30:02
2105
644
1461
0.84999
0.38926
0.68255
HLA-A31:01
5706
1616
4090
0.92998
0.58377
0.81573
HLA-A32:01
1131
410
721
0.92979
0.56426
0.82555
HLA-A32:07
88
79
9
0.71027
0.39241
0.48760
HLA-A32:15
74
59
15
0.74350
0.22034
0.58807
HLA-A33:01
3589
712
2877
0.93335
0.63362
0.80795
HLA-A66:01
220
13
207
0.94314
0.53462
0.51757
HLA-A68:01
3825
1605
2220
0.92525
0.60779
0.83388
HLA-A68:02
5580
1351
4229
0.93940
0.67028
0.83235
HLA-A68:23
82
76
6
0.80263
0.55263
0.50075
HLA-A69:01
2571
249
2322
0.95708
0.73549
0.80405
HLA-A74:01
15
6
9
0.88889
0.00000
0.68405
HLA-A80:01
1173
122
1051
0.96615
0.74934
0.80247
HLA-B07:02
4849
1401
3448
0.95606
0.68289
0.85885
HLA-B08:01
3544
803
2741
0.93814
0.63730
0.80965
HLA-B08:02
1020
36
984
0.99077
0.90731
0.82444
HLA-B08:03
470
18
452
0.95612
0.71728
0.71464
HLA-B14:01
42
17
25
0.77176
0.29412
0.55578
HLA-B14:02
343
43
300
0.91450
0.66202
0.70112
HLA-B15:01
4456
1368
3088
0.93583
0.61544
0.79366
HLA-B15:02
165
124
41
0.83969
0.31653
0.66016
HLA-B15:03
696
384
312
0.93899
0.72236
0.87179
HLA-B15:09
832
45
787
0.96366
0.71681
0.76993
HLA-B15:17
1448
379
1069
0.96235
0.79489
0.87184
HLA-B15:42
364
3
361
0.93167
0.31481
0.17949
HLA-B18:01
2831
310
2521
0.91207
0.61686
0.76070
HLA-B27:05
3747
689
3058
0.94741
0.63879
0.83027
HLA-B35:01
3304
985
2319
0.93380
0.61158
0.82984
HLA-B35:03
278
19
259
0.98069
0.83158
0.87915
HLA-B37:01
66
9
57
0.91813
0.42222
0.68058
HLA-B38:01
531
159
372
0.98406
0.87591
0.89810
HLA-B39:01
1814
304
1510
0.96888
0.77608
0.83283
HLA-B39:06
33
21
12
0.84921
0.52381
0.73497
HLA-B40:01
3439
638
2801
0.96575
0.74914
0.86269
HLA-B40:02
1088
342
746
0.92894
0.53062
0.84119
HLA-B40:13
59
53
6
0.77673
0.66038
0.46828
HLA-B42:01
232
63
169
0.93303
0.76290
0.87096
HLA-B42:02
18
14
4
0.60714
0.14286
0.52671
HLA-B44:02
2337
447
1890
0.95769
0.70149
0.81415
HLA-B44:03
1480
426
1054
0.93865
0.64058
0.85082
HLA-B45:01
1069
192
877
0.93555
0.64494
0.84890
HLA-B45:06
362
4
358
0.75419
0.28571
0.10311
HLA-B46:01
1815
97
1718
0.97139
0.76216
0.73946
HLA-B48:01
883
73
810
0.98519
0.85591
0.84447
HLA-B51:01
2923
313
2610
0.93702
0.60571
0.72146
HLA-B52:01
24
7
17
0.96639
0.71429
0.75269
HLA-B53:01
1818
501
1317
0.92946
0.60828
0.80515
HLA-B54:01
1206
231
975
0.93998
0.66350
0.83464
HLA-B57:01
3000
493
2507
0.95627
0.77234
0.83912
HLA-B57:02
18
14
4
0.94643
0.78571
0.85617
HLA-B57:03
34
27
7
0.98942
0.92593
0.82883
HLA-B58:01
3381
763
2618
0.95816
0.76915
0.87261
HLA-B58:02
68
13
55
0.67832
0.18462
0.42597
HLA-B73:01
129
17
112
0.91071
0.36898
0.71238
HLA-B81:01
26
13
13
1.00000
1.00000
0.92549
HLA-B83:01
339
40
299
0.96204
0.80086
0.78621
HLA-C03:03
165
121
44
0.89350
0.36570
0.77979
HLA-C04:01
552
23
529
0.88962
0.52007
0.39890
HLA-C05:01
173
68
105
0.95210
0.76912
0.84496
HLA-C06:02
408
101
307
0.93640
0.65050
0.82932
HLA-C07:01
261
101
160
0.82494
0.40965
0.65143
HLA-C07:02
143
84
59
0.89205
0.50238
0.64032
HLA-C08:02
87
32
55
0.80511
0.26250
0.60157
HLA-C12:03
172
155
17
0.65996
0.10323
0.38532
HLA-C14:02
259
187
72
0.84314
0.37433
0.71743
HLA-C15:02
253
116
137
0.90454
0.54841
0.75145
HLA-E01:01
96
14
82
0.85714
0.65179
0.74865
HLA-E01:03
67
5
62
0.80323
0.53333
0.56546